001101 0
001102 1
001111 13
001201 2
001202 1
001210 22
001211 23
001230 5
001231 12
001250 19
001281 6
001291 21
001310 11
001311 13
001312 13
001318 3
001321 9
001323 23
001330 19
001353 14
001354 8
001381 16
001445 24
002211 30
009103 21
011153 3
011251 31
011257 16
012173 6
013103 5
013110 22
013201 26
013203 12
013207 29
013302 27
013307 14
013453 8
013455 31
014270 9
018111 4
018113 3
019101 14
019102 34
019103 14
019203 3
020101 21
021101 3
026101 32
026102 24
050100 27
050103 8
050111 11
055401 24
057121 34
057122 31
057125 31
057127 31
057128 37
057129 37
057131 5
057132 5
057133 5
057134 16
057135 16
057136 16
057137 34
057412 34
061306 13
061309 19
074101 19
100102 14
100103 31
100104 11
100205 12
100206 3
100207 8
100209 32
100300 4
100304 34
100305 6
100306 12
100307 26
100309 27
100310 21
100489 37
100500 27
101113 4
101205 14
101405 24
103271 23
106325 30
106425 32
107211 22
112102 16
112201 11
114101 19
126101 24
126211 11
126321 6
127100 3
127101 14
127312 9
127400 32
128101 26
154103 13
154104 22
154281 6
159101 9
176100 19
176101 8
176220 9
177341 30
201100 13
201110 9
201111 9
201114 24
202101 3
203103 12
203111 13
203151 27
203162 14
203206 27
203226 11
204100 19
204101 26
204111 29
204363 3
206100 30
206103 16
206111 21
206161 22
206171 6
206181 14
206261 5
206362 27
206390 12
207105 3
207107 8
207115 24
207117 19
207131 12
207171 23
207187 4
207205 27
208101 21
208263 26
208271 23
211315 22
251211 8
251261 12
251281 12
251361 9
251372 11
251411 5
252200 26
252211 21
252282 13
252283 16
252285 8
252286 11
252321 12
252330 11
252440 21
252450 29
252460 6
254206 22
254215 19
254216 5
254222 30
254231 12
254232 23
254252 4
254282 6
254302 24
254325 19
254333 29
254372 8
254471 27
255201 24
255215 11
255251 12
255300 32
255320 4
255321 21
255330 16
255434 14
259103 6
259104 8
259106 23
259107 3
259108 4
259201 9
259203 21
261335 8
261336 6
353210 13
356261 32
357110 4
510100 21
601302 14
601321 6
601452 29
602100 6
602102 29
604312 37
605479 27
610114 27
701100 9
701205 8
701211 23
701243 24
701313 11
701321 8
701331 37
701344 34
701407 13
702205 31
702211 16
702213 9
702312 34
702317 21
703103 24
703109 16
703131 3
703202 11
703204 5
703243 14
703244 13
703322 3
703324 30
703331 23
703491 31
705211 29
705311 4
705328 21
705329 19
705331 37
705332 6
705342 23
751100 5
751101 12
751102 13
751106 4
751202 29
751209 3
751302 19
751304 16
751308 4
751309 9
751401 22
751405 37
751421 30
751429 27
851100 29
851201 26
851202 14
851204 6
851205 19
851273 11
851301 5
851305 32
851360 4
851375 23
851400 13
851404 11
951202 29
951494 32
953111 6
954100 23
954244 37
954245 30
954246 5
954260 8
954270 9
954310 26
954312 27
954325 21
954412 29
954420 12
954443 22
na 25
