001101 1
001102 0
001112 22
001201 1
001202 2
001210 17
001212 24
001218 13
001222 2
001223 2
001224 2
001225 2
001226 2
001227 2
001228 2
001229 2
001234 30
001281 3
001291 5
001292 18
001310 6
001311 16
001312 16
001321 8
001323 4
001352 21
001355 16
001445 15
002311 3
002489 24
009103 16
012173 5
013103 17
013110 21
013207 8
013208 18
013209 10
013301 6
013305 5
013404 6
014270 6
018112 3
018114 5
019101 20
019102 16
019104 5
019204 13
020101 24
020251 8
021101 28
026101 21
026111 8
050100 4
050104 10
050112 8
050113 4
051412 30
052421 26
057121 6
057122 18
057125 13
057127 10
057128 24
057129 3
057131 21
057132 8
057133 28
057136 16
057137 20
057305 23
061106 22
061306 28
066410 20
067489 18
070413 21
074101 22
100103 18
100104 23
100205 20
100206 15
100207 10
100209 5
100304 4
100309 24
100310 26
100500 32
103271 18
104490 28
107212 28
114203 8
126328 30
127100 22
127101 5
127313 32
154104 21
154281 24
159101 24
176100 3
176101 18
201100 28
201110 3
201111 20
201114 6
202102 23
203111 17
203113 6
203162 8
203204 15
203236 28
204100 26
204113 32
205105 4
206103 23
206104 16
206111 13
206112 13
206161 4
206162 4
206171 6
206266 17
206362 15
206390 20
207106 22
207116 18
207118 24
207187 21
207191 3
207214 8
208101 3
208141 15
208263 13
208272 5
251261 5
251334 20
251361 24
252201 18
252210 3
252223 8
252235 13
252282 10
252283 8
252320 30
252325 32
252353 26
252450 15
254200 10
254205 6
254206 13
254216 24
254222 21
254232 20
254271 26
254282 5
254334 23
254371 5
254373 15
255210 17
255230 4
255340 18
255350 5
255359 24
255416 16
255432 22
259103 17
259106 6
259107 10
259201 3
259203 6
261411 18
261448 22
261494 32
261497 23
357110 3
601202 23
601231 24
601456 26
602100 17
602103 3
602120 30
602121 32
610114 13
701100 4
701104 10
701206 8
701215 6
701243 10
701295 8
701335 13
701408 15
701409 4
701410 18
701423 8
702211 24
702317 6
703202 5
703243 13
703244 22
703309 20
703322 26
703324 15
703345 3
703451 28
705211 17
705311 4
705328 30
705332 10
705343 4
751100 20
751102 13
751301 6
751303 15
751308 21
751309 8
751330 10
751401 17
751405 18
751418 26
851100 10
851104 22
851201 20
851204 13
851205 4
851273 23
851301 3
851306 30
851400 21
851404 26
851430 17
951124 23
951495 30
954140 26
954240 8
954310 20
954311 23
954324 24
954340 28
954422 32
954443 10
954460 13
954491 16
