001101 1
001102 0
001111 13
001113 3
001201 2
001202 0
001210 19
001211 20
001230 5
001231 12
001250 16
001281 6
001291 18
001310 11
001311 13
001312 13
001318 3
001321 9
001323 20
001330 16
001353 14
001354 8
001418 6
001444 20
001445 21
004330 8
009103 18
011100 4
011153 3
011251 28
011269 5
013103 5
013110 19
013201 23
013203 12
013207 26
013302 24
013307 14
013420 20
013453 8
013455 28
018111 4
018113 14
019101 14
019331 3
020101 18
020102 13
021101 3
026101 29
026102 21
026111 20
050100 24
050103 8
050111 11
057121 31
057122 28
057125 28
057127 28
057129 34
057130 34
057131 5
057132 5
057133 5
057305 23
057428 23
061317 6
064410 21
064424 16
071412 19
071417 28
071425 29
074100 18
074101 16
078444 24
100102 14
100103 28
100104 11
100106 12
100205 12
100206 3
100207 8
100209 29
100304 31
100306 12
100307 23
100308 27
100309 24
100310 18
100314 16
100489 34
100498 27
100500 24
100501 31
101113 4
101114 6
101201 8
101211 28
101405 21
103261 20
107211 19
112102 6
112201 13
114101 16
114323 11
114425 16
126101 21
127101 14
127312 9
128101 23
128309 34
128403 3
154104 19
154281 12
154330 6
154433 26
159100 5
159101 9
159151 26
159221 13
176100 16
176101 8
176220 9
177341 27
177393 4
201100 13
201110 9
201114 21
202101 3
203111 13
203151 24
203162 14
203206 24
204100 16
204101 23
204325 16
205393 11
206100 27
206111 18
206161 19
206171 6
206181 14
206261 5
206390 12
207105 3
207107 8
207115 21
207117 16
207131 12
207171 20
207173 3
207187 4
207213 19
207313 34
208101 18
208263 23
208271 20
210275 27
211315 19
251211 8
251261 12
251281 12
251361 9
251372 11
252211 18
252232 9
252282 13
252285 8
252286 11
252311 14
252322 12
252325 3
252330 11
252440 18
252450 26
252460 4
254206 19
254215 16
254216 5
254222 27
254231 31
254252 4
254282 6
254302 21
254325 16
254333 26
254372 34
254456 23
254471 24
255201 21
255215 11
255251 12
255290 6
255300 29
255320 4
255321 18
255359 23
255434 31
259103 6
259104 8
259106 20
259107 3
259201 9
259203 18
261121 4
261212 26
261216 29
261217 20
261335 8
261336 6
261434 34
269421 31
269462 34
351451 18
356261 29
510100 18
601302 14
601452 26
602100 6
602102 26
610114 24
701101 3
701183 18
701201 8
701211 20
701313 11
701321 8
701331 14
701344 5
701409 13
701458 29
702205 28
702312 31
703103 21
703202 11
703243 14
703244 13
703322 3
703324 27
705211 26
705311 4
705329 1
705332 6
705342 20
705351 5
705442 11
705444 9
705461 2
751100 5
751101 12
751106 4
751202 26
751209 3
751301 19
751302 16
751305 24
751308 4
751401 19
751405 34
751408 29
751443 5
801201 34
801321 27
801471 31
851100 26
851104 5
851105 34
851201 23
851202 14
851204 6
851205 16
851273 11
851375 20
851400 13
851404 11
851471 24
954100 20
954140 27
954270 31
954312 24
