001101 0
001102 1
001111 13
001113 3
001201 2
001202 1
001210 22
001212 8
001218 6
001230 5
001231 12
001250 19
001291 21
001310 11
001311 13
001312 13
001315 16
001318 3
001321 9
001323 23
001330 19
001353 14
001354 8
001445 24
003191 4
004432 16
008218 16
008232 32
008312 19
008315 22
008413 4
009103 21
011100 4
011153 3
011251 31
013103 5
013110 22
013203 12
013204 19
013301 9
013302 27
013304 23
013306 16
013307 14
013420 23
013453 8
013455 31
017101 31
018111 4
018113 14
019101 14
019103 22
019105 26
019106 21
019211 11
019373 23
020101 21
020231 23
021101 3
026101 32
026102 24
026112 14
030101 5
050100 27
050103 8
050104 6
050111 11
052357 34
057121 34
057125 31
057126 16
057127 31
057128 16
057129 37
057130 37
057132 5
057133 5
057136 16
057139 29
057285 32
057305 26
057428 26
063201 24
064410 24
064418 34
064430 21
065310 34
065332 24
071425 32
074100 21
074101 19
078444 27
100109 16
100110 19
100111 23
100112 26
100214 13
100222 21
100228 11
100229 9
100230 14
100231 30
100304 34
100306 12
100308 30
100311 24
100312 29
100313 6
100314 19
100400 9
100489 37
100498 30
100501 34
101113 4
101114 6
101201 8
101221 32
101405 24
103271 37
107211 22
109100 12
110220 5
114203 9
114323 11
114425 19
126101 31
126215 32
126499 30
127101 14
127312 24
128101 26
128307 22
128309 37
152211 3
152301 5
152321 26
154104 22
154141 12
154151 29
154281 12
154330 16
159100 5
159101 9
168100 23
176100 19
176101 8
176220 9
177103 16
177214 32
177217 6
201100 13
201110 9
201111 13
201114 24
202101 3
202143 13
203111 13
203162 14
203206 27
203226 23
204101 26
205100 31
205393 11
206100 30
206103 16
206108 16
206111 21
206112 12
206161 23
206162 11
206171 6
206172 4
206261 5
206281 34
206362 22
206390 12
207105 3
207107 8
207115 24
207117 19
207123 11
207131 12
207171 23
207173 6
207174 29
207213 22
207313 37
208101 21
208150 37
208263 26
208271 23
208272 6
210275 30
211315 22
251211 8
251281 12
251361 9
251372 12
252201 16
252282 13
252283 16
252285 8
252286 11
252317 14
252320 6
252322 12
252330 11
252420 22
252450 29
254206 22
254215 19
254216 13
254222 30
254231 34
254252 37
254302 24
254325 19
254333 29
254372 5
254421 9
254441 22
254451 11
254471 27
255201 24
255215 30
255251 19
255290 6
255300 32
255320 4
255321 21
255330 16
255359 26
255432 9
255434 34
259103 30
259104 8
259106 31
259107 3
259201 9
259203 21
261212 29
261217 31
261335 32
261336 6
261342 12
261343 27
261434 37
269462 37
359206 31
360212 22
361210 29
361351 9
510100 19
601302 14
601452 29
601462 4
602100 6
602102 29
602321 13
610114 27
701101 3
701183 21
701201 26
701211 23
701281 19
701313 11
701321 8
701342 4
701402 13
701403 6
702205 31
702211 16
702312 34
702351 29
703103 24
703202 11
703243 14
703244 13
703308 12
703322 3
703324 30
703345 4
705211 29
705311 4
705329 26
705331 8
705351 30
705411 5
705442 29
705444 9
751100 5
751101 12
751106 4
751202 13
751209 3
751301 22
751302 19
751303 6
751305 27
751308 30
751309 31
751330 27
751401 34
751403 8
751405 9
751407 4
751408 26
751417 14
751421 34
751422 23
751443 5
751451 21
851100 6
851104 24
851105 19
851108 21
851200 32
851202 14
851251 24
851262 16
851273 11
851305 16
851306 9
851400 26
851404 11
888106 22
951100 32
954100 23
954231 27
954244 3
954246 11
954310 19
954370 8
954416 22
954477 14
955102 23
955103 13
955104 27
