001101 0
001102 1
001112 16
001118 18
001201 0
001202 2
001212 21
001218 10
001222 2
001223 2
001224 2
001225 2
001226 2
001227 2
001228 2
001229 2
001230 7
001234 30
001250 29
001292 12
001310 3
001314 20
001315 27
001320 14
001321 5
001342 17
001352 15
004271 23
011257 25
013110 15
013203 18
013208 12
013209 7
013301 3
013306 29
014270 3
019101 14
020101 21
020102 32
021101 25
021102 30
026101 15
026102 18
026111 5
050103 17
050104 7
050112 5
057121 3
057122 12
057123 29
057126 29
057127 7
057128 21
057131 15
057132 5
057133 25
057137 14
057245 32
057305 17
057412 27
061106 16
064410 32
064411 27
065120 20
067101 27
070200 27
070413 15
074101 16
100102 18
100103 12
100104 17
100205 14
100207 7
100306 20
100307 29
100308 18
100309 21
100310 23
101205 7
104490 25
112211 12
114203 5
115301 12
126400 30
127100 16
127303 18
127313 32
128100 7
154104 15
154281 21
159101 21
176101 12
177321 20
177335 27
201100 25
201114 3
202102 17
203113 3
203162 5
203236 25
204100 23
204101 29
206100 20
206103 17
206111 10
206112 10
206171 3
206390 14
207106 16
207116 12
207117 20
207118 21
207187 15
207214 5
208263 10
251211 18
251334 14
251361 21
251374 16
252222 23
252235 10
252282 7
252283 5
252317 14
252320 30
252325 32
252342 29
252353 23
252435 10
254200 7
254205 3
254206 10
254216 21
254222 15
254232 14
254271 23
254334 17
254362 18
255316 20
255328 25
255340 12
255359 21
255432 16
255435 27
255448 20
259106 3
259107 7
259203 3
261497 25
360212 20
601202 17
601231 21
601456 23
602102 20
602120 30
602121 32
604431 29
610114 10
701206 5
701215 3
701243 7
701295 5
701335 10
701341 7
701423 5
702211 21
703103 27
703204 18
703243 10
703244 16
703309 14
703322 23
703451 17
705328 30
705332 7
705437 16
705441 20
705444 21
751100 14
751101 18
751102 10
751202 20
751301 3
751302 27
751308 15
751309 5
751403 23
751405 12
851104 16
851201 14
851204 10
851273 17
851306 30
851400 15
851404 23
951301 29
951411 30
953111 15
954140 23
954142 12
954422 32
954460 10
