001101 1
001102 0
001111 13
001113 3
001201 2
001202 0
001210 22
001212 8
001218 6
001230 5
001231 12
001250 19
001291 21
001310 11
001311 13
001312 13
001318 3
001321 9
001323 23
001330 19
001353 14
001354 8
001362 4
001381 16
001445 24
003191 4
006454 16
009103 21
011100 4
011153 3
011251 31
011257 16
013103 5
013110 22
013203 12
013301 9
013302 27
013305 19
013306 16
013307 14
013420 23
013453 8
013455 31
018111 4
018113 14
019101 14
019105 26
019106 21
020101 21
021101 3
025480 3
026101 32
026102 24
026111 23
050100 27
050103 8
050111 11
057121 34
057122 31
057125 31
057126 16
057127 31
057128 16
057129 37
057130 37
057131 5
057132 5
057133 5
057135 16
057136 16
057305 26
057428 26
059413 34
059419 12
061306 26
061317 6
064410 24
064418 34
071425 32
074100 21
074101 19
078444 27
100106 12
100107 22
100108 31
100111 23
100112 26
100121 29
100206 3
100210 16
100211 22
100304 34
100306 12
100307 26
100308 30
100309 27
100310 21
100314 19
100489 37
100498 30
100501 34
101113 4
101114 6
101201 8
101221 32
101405 24
103261 23
103271 37
107211 22
112102 6
112201 13
114101 19
114323 11
114425 19
126101 24
127101 14
128101 26
128309 37
128403 3
154104 22
154281 12
154330 6
159100 5
159101 9
176100 19
176101 8
176220 9
177103 16
177341 30
177393 4
201100 13
201110 9
201114 24
202101 3
202143 13
203111 13
203151 27
203162 14
203206 27
203226 23
204100 19
204101 26
204325 13
205393 11
206100 30
206103 16
206108 16
206111 21
206161 21
206171 6
206261 5
206390 12
207105 3
207107 8
207115 24
207117 19
207123 11
207131 12
207171 23
207173 6
207213 22
207313 37
208101 21
208263 26
208271 23
210275 30
211315 22
251211 8
251261 12
251281 12
251361 9
251372 11
252201 16
252211 21
252232 9
252282 13
252283 16
252285 8
252286 11
252317 14
252322 12
252323 6
252325 3
252330 11
252450 29
254206 22
254215 19
254216 13
254222 30
254231 34
254252 4
254282 6
254302 24
254325 19
254333 29
254372 5
254421 9
254441 16
254451 11
254456 26
254471 27
255201 24
255215 11
255251 12
255290 6
255300 32
255320 4
255321 21
255330 16
255359 26
255434 34
259103 6
259104 8
259106 23
259107 3
259201 9
259203 21
261200 12
261212 29
261216 32
261217 23
261335 8
261336 6
261434 37
261497 30
269462 37
359206 31
601302 14
601452 29
602100 6
602102 29
610114 27
701101 3
701183 21
701201 8
701211 23
701313 11
701321 8
701331 14
701342 4
701407 8
701455 12
702205 31
702211 16
702312 34
703103 24
703202 11
703243 14
703244 13
703308 12
703322 3
703324 30
705211 29
705311 4
705329 13
705331 21
705351 5
705442 29
705444 9
751100 5
751101 12
751102 31
751106 4
751209 3
751301 22
751302 19
751303 6
751305 27
751308 4
751401 22
751417 14
751443 5
751451 21
851100 6
851104 24
851105 19
851108 21
851200 32
851202 14
851205 19
851251 24
851262 16
851273 11
851375 23
851404 11
851471 27
951100 32
954100 23
954245 14
954246 11
954270 34
954311 37
954312 27
954320 3
954323 8
955102 23
955103 13
955104 27
955491 13
