001101 0
001102 1
001112 22
001118 24
001201 0
001210 17
001212 27
001213 8
001218 13
001222 2
001223 2
001224 2
001225 2
001226 2
001227 2
001228 2
001229 2
001230 10
001234 36
001250 35
001281 3
001291 5
001292 18
001310 6
001311 16
001312 16
001313 15
001314 26
001315 10
001321 8
001323 4
001352 21
001355 16
001445 15
003191 16
009103 16
011251 22
011257 31
013103 17
013104 35
013110 21
013203 24
013208 18
013209 10
013301 6
013306 35
013404 22
018112 3
018114 18
019101 20
019106 20
020101 27
020102 38
021101 31
026101 21
026102 24
026111 8
026201 13
050100 4
050103 23
050104 10
052201 6
052203 17
057121 6
057122 18
057123 35
057125 20
057126 35
057127 10
057128 27
057129 3
057130 31
057131 21
057132 8
057133 31
057135 26
057138 29
057305 23
057401 3
057425 8
057428 16
059419 18
064410 38
064411 33
064418 31
065120 26
065121 33
067201 15
067203 10
074100 33
074101 22
078444 20
100107 23
100108 24
100109 35
100110 18
100111 26
100112 27
100205 20
100208 38
100209 5
100210 36
100212 31
100304 4
100306 26
100307 35
100308 24
100309 27
100310 29
100498 15
100501 16
101205 10
103262 6
104440 24
104490 31
104494 21
105335 31
110120 22
11100 23
112403 3
114203 8
126101 5
126214 33
127100 22
127101 35
127313 38
128310 23
154104 21
154141 13
154281 27
159100 5
159101 27
159151 17
176100 3
176101 18
177227 20
177228 36
177335 33
179402 4
179403 17
201100 31
201110 3
201114 6
202102 23
203111 17
203113 6
203114 21
203162 8
203206 29
203236 31
204100 29
204101 35
204251 24
205100 38
206100 26
206103 23
206104 16
206111 13
206112 13
206161 4
206162 4
206171 6
206172 5
206390 20
207106 22
207108 4
207116 18
207117 26
207118 27
207187 21
207191 3
207214 8
208101 10
208141 15
208263 13
208272 5
210374 10
251211 24
251261 5
251334 20
251361 27
251374 22
252210 3
252212 21
252222 29
252235 13
252282 10
252283 8
252320 36
252353 29
252420 18
252450 15
253318 6
254200 10
254205 6
254206 13
254215 4
254216 27
254222 21
254232 20
254271 29
254282 5
254334 23
254352 31
254362 24
254371 5
254373 15
255210 17
255230 4
255301 8
255316 26
255328 31
255337 16
255340 18
255432 22
259103 17
259106 6
259107 10
259201 26
261497 31
296497 36
351364 38
356261 29
356431 36
359206 33
360212 26
52440 35
601202 23
601231 27
601353 26
601454 5
601455 10
601456 29
60210 26
602100 17
602120 36
602121 38
604311 33
604431 35
610114 13
701100 13
701202 23
701235 6
701244 20
701283 5
701335 13
701401 16
701409 4
701423 8
702211 27
703103 33
703202 5
703204 24
703243 13
703244 22
703322 29
703324 15
703345 3
703351 17
705211 17
705311 4
705328 36
705332 10
705341 31
705343 4
705444 27
751100 20
751101 24
751102 13
751209 36
751301 6
751302 33
751303 15
751305 24
751309 8
751401 17
751403 29
751405 18
751407 35
751408 10
751440 16
751443 4
751451 20
851100 27
851202 31
851207 29
851261 27
851263 15
851264 13
851273 23
851306 36
851400 21
851404 29
951211 31
953495 8
954104 29
954142 18
954310 27
954340 18
954371 3
954498 10
955105 6
