001101 0
001102 1
001112 19
001118 21
001201 0
001202 2
001210 14
001212 24
001218 10
001222 2
001223 2
001224 2
001225 2
001226 2
001227 2
001228 2
001229 2
001230 7
001234 33
001250 32
001281 3
001291 5
001292 15
001311 13
001312 13
001314 23
001315 30
001323 4
001352 18
001355 13
009103 12
011257 28
013103 14
013110 18
013203 21
013208 15
013209 7
013305 5
013306 32
013404 7
014211 10
018112 3
019101 17
019102 13
019441 14
020101 24
020102 35
021101 28
025421 10
026101 18
026102 21
050100 4
050103 20
050104 7
057122 15
057123 32
057125 23
057126 32
057127 7
057128 24
057129 3
057131 18
057133 28
057135 26
057136 13
057137 17
057305 20
057412 30
057428 30
059413 30
064410 35
064411 30
065120 23
065121 12
070200 30
074100 13
074101 19
078444 15
100102 21
100103 15
100104 20
100106 14
100205 17
100206 12
100207 7
100209 5
100304 4
100306 23
100307 32
100308 21
100309 24
100310 26
100314 15
100489 14
100498 12
100501 13
101205 7
104490 28
112103 20
112311 5
112403 3
126101 5
127313 35
128100 7
154104 18
154281 24
154375 18
159100 5
159101 24
176100 3
176101 15
177321 23
177335 30
177494 21
201100 28
201110 3
203111 14
203236 28
204100 26
204101 32
206100 23
206103 20
206104 13
206111 10
206112 10
206161 4
206162 4
206172 7
206390 17
207106 19
207108 4
207116 15
207117 23
207118 24
207187 18
207191 3
208101 7
208141 12
208263 10
208272 5
210374 14
251211 21
251261 5
251334 17
251361 24
251374 19
252210 3
252222 26
252235 10
252282 7
252320 33
252353 26
252440 17
252450 12
254200 7
254206 10
254216 24
254222 18
254232 17
254271 26
254282 5
254334 20
254352 19
254362 21
254371 5
254373 12
254466 23
255210 14
255230 4
255301 24
255316 23
255328 28
255337 13
255340 15
255432 19
259103 14
259107 7
259201 23
261343 28
351364 35
356431 35
360212 23
510100 26
601202 20
601231 24
602100 14
602102 23
602103 3
602120 33
602121 35
604431 32
610114 10
701100 4
701235 7
701283 20
701335 10
701408 12
701409 4
702211 24
703103 30
703202 5
703204 21
703243 10
703244 19
703309 17
703322 26
703324 12
703345 3
705211 14
705311 4
705328 33
705332 7
705431 19
705441 23
705444 24
751100 17
751101 21
751302 30
751303 12
751308 18
751401 14
751403 26
751433 26
751440 10
851200 0
851201 17
851202 19
851204 10
851205 4
851273 20
851305 32
851306 33
851400 18
851404 26
954141 33
954142 15
954244 32
954498 33
