001101 0
001102 1
001112 22
001118 24
001201 0
001202 2
001210 17
001213 8
001222 2
001223 2
001224 2
001225 2
001226 2
001227 2
001228 2
001229 2
001230 10
001234 36
001235 3
001291 5
001292 18
001310 6
001311 16
001312 16
001313 15
001314 26
001315 10
001323 4
001352 21
001355 16
001362 13
001422 8
001445 15
003191 16
004282 22
009103 16
011100 23
011251 22
013103 17
013104 35
013110 21
013203 24
013204 6
013208 18
013209 10
013217 17
013306 35
013404 22
014302 8
018111 16
018112 3
018114 18
018131 16
019101 20
019105 21
019106 20
020101 27
021101 31
026101 21
026102 24
026112 8
050100 4
050103 23
050104 10
050112 8
052203 17
052310 15
052351 8
052353 26
057121 6
057122 18
057125 20
057126 35
057127 10
057128 27
057130 31
057133 31
057136 3
057139 5
057305 23
057428 16
061306 23
063201 10
064411 33
065120 26
065333 6
074100 33
074101 22
078444 20
100108 24
100109 35
100110 18
100111 26
100112 27
100208 38
100210 36
100212 31
100213 5
100219 20
100229 21
100230 24
100231 29
100304 4
100306 26
100308 24
100309 27
100311 23
100313 13
100314 31
100498 15
100501 16
101205 10
103262 6
104334 29
104490 31
104494 21
105335 31
110120 22
112106 27
112403 3
112423 22
114205 6
114324 16
126101 5
126214 33
127100 22
127101 35
127313 38
128308 24
128310 23
140104 2
152245 8
152331 17
154104 21
154141 13
154281 27
154431 18
159100 5
159101 27
159151 17
168100 15
176100 3
176101 18
177104 20
177113 13
177114 15
177142 29
177181 33
201100 31
201110 3
201114 6
202102 23
203111 17
203113 6
203114 21
203162 8
203206 29
203236 31
204100 2
204101 35
205496 13
206100 26
206103 23
206104 16
206111 13
206112 10
206161 4
206162 15
206171 6
206172 5
206362 18
206390 20
207106 22
207108 4
207116 18
207117 26
207118 27
207187 21
207191 3
208101 10
208141 15
208263 13
208272 5
229351 20
251211 24
251261 5
251334 20
251455 38
251457 26
252210 3
252222 29
252282 10
252283 8
252320 36
252353 29
252420 18
252440 35
252450 15
254200 10
254205 6
254206 13
254215 4
254216 27
254222 21
254231 33
254232 20
254271 29
254334 23
254352 31
254362 24
254371 5
254373 15
254421 35
254423 31
254441 38
254451 8
255210 17
255230 4
255301 8
255316 26
255328 31
255337 16
255340 18
255432 22
259103 17
259106 6
259107 10
259201 26
261448 27
269497 36
353313 36
356261 29
359206 33
601202 23
601231 27
601232 33
601353 26
601454 5
601455 10
601456 29
602100 17
602102 26
602103 24
602120 36
602121 38
604311 31
610114 13
701100 13
701202 23
701235 6
701244 20
701283 5
701310 22
701322 10
701335 13
701401 16
701410 3
702101 16
702211 27
703103 33
703202 5
703204 24
703243 13
703244 22
703309 23
703322 29
703324 15
703345 3
703351 17
705211 17
705311 4
705328 36
705332 10
705343 4
705431 24
705441 21
705444 27
751100 20
751101 24
751102 13
751106 4
751202 26
751209 36
751301 6
751302 33
751303 15
751308 38
751309 8
751401 17
751403 29
751405 18
751407 35
751408 10
751417 21
751421 24
751427 3
751443 4
851202 31
851207 29
851261 27
851263 15
851264 13
851273 23
851305 17
851306 36
851400 21
851404 29
951100 26
951216 38
953111 2
954142 18
954143 29
954230 33
954231 4
954240 26
954340 18
954371 3
954423 6
954433 15
954491 22
954498 10
955105 6
958481 5
